time,x,y,z,phi,theta,psi,x_velocity,y_velocity,z_velocity,phi_velocity,theta_velocity,psi_velocity,rotor_speed1,rotor_speed2,rotor_speed3,rotor_speed4
0.06,-8.271290751024613e-07,5.063389085692063e-07,10.002811331929951,0.0004335650992857154,0.0006361602648050635,0.0,-6.547018900449995e-05,4.1751162880081954e-05,0.09370724393326366,0.018749242556961025,0.02612194289812058,0.0,433.75541475560857,435.9431478231249,434.1614873753031,435.73137161699356
0.12000000000000001,-2.198863208098664e-05,1.476632659137089e-05,10.009035950717314,0.0016051697698840073,0.0025304787266930973,0.0,-0.0007975827758554784,0.0005371636576304967,0.11377776412952618,0.02103796422041176,0.04069935769346024,0.0,409.62732642617783,410.92180247597497,411.1672099943816,411.3698853974506
0.18,-0.0001364156776940021,8.713553355639934e-05,10.020005678995618,0.0029233130242669603,0.005954017638440945,0.0,-0.003344874783268061,0.0020140634718953288,0.251857287212947,0.023768897316543643,0.07810738323928507,0.0,447.12393502557813,450.16261253376894,448.9352734721136,449.1567792790817
0.23999999999999996,-0.0004947906789494633,0.00028157626668804265,10.040558948752285,0.003989897213934945,0.01020316436506441,0.0,-0.009118044742351897,0.004613878589329375,0.43319549141243646,0.0017530139928206064,0.049370922825105024,0.0,463.48566499580636,461.2254510360346,462.68180110731157,460.94547182369064
0.3,-0.0012583052492703233,0.0006390096371884967,10.068954432421206,0.004272242571444984,0.013747387845191916,0.0,-0.01665920756909601,0.007320176059029171,0.5132837081690811,0.010039324380226873,0.07357894735821763,0.0,429.9952879915983,432.0432987483113,430.1554951799243,430.85644520434585
0.36000000000000004,-0.0025469698463991284,0.0011655612646824028,10.101939263420512,0.005199838698919379,0.018204135561605383,0.0,-0.026730504271188435,0.010308035544140632,0.5861685394284283,0.024546843594218246,0.0756431941625891,0.0,428.3175000292586,428.4975308568451,428.0291741343257,429.2617743531132
0.4200000000000001,-0.00451577377430877,0.0018890077824719217,10.138616222416406,0.006776101189209349,0.02246149181207535,0.0,-0.03931411946682498,0.01395110950304004,0.6363605266784856,0.029513402520981176,0.05938432799263759,0.0,421.2068026142141,419.8026586685796,421.7062151628384,422.13512623477044
0.48000000000000015,-0.007312864956636458,0.0028608151068619694,10.178089107189559,0.00869545845905062,0.026016054704613545,0.0,-0.05425479983915334,0.018615242103612654,0.6793679318417939,0.036529885703521815,0.05895809980199398,0.0,418.51798734793886,418.48359521982775,419.0387708972545,419.64861784234876
0.5400000000000001,-0.01115147115421944,0.004176425194006223,10.223020615477957,0.01093404888343752,0.030218667099394914,0.0,-0.07412020806840598,0.025476234169705382,0.8182449662269582,0.03882546926887758,0.08607666622340192,0.0,448.58703024752134,450.78693287433657,449.53013515140157,449.71672495554094
0.6000000000000002,-0.016252841113930626,0.005943788640833764,10.275387564580155,0.013938151026884782,0.03626700965276353,0.0,-0.09651267439758011,0.03371672779397583,0.9272142046097008,0.06627091728575032,0.12041815564621793,0.0,438.2183972857679,441.0717446888255,440.349176508225,442.6148889831559
0.6600000000000003,-0.022864153416773537,0.008286722098626274,10.335168250532075,0.017585802088176727,0.04327468546061741,0.0,-0.12462768618526555,0.04479257596363308,1.0653186686068457,0.046632613928845976,0.1083392573740555,0.0,450.37762525459664,449.41171229846475,450.7186212468968,449.1313639578449
0.7200000000000003,-0.03128677901605851,0.011358417762424697,10.402652102381769,0.020243181448535985,0.049731056977465826,0.0,-0.15680072366234765,0.05788072974010283,1.1839885776123162,0.03913704923288125,0.106099554472164,0.0,443.63776335492315,443.46404912764336,445.17659289082553,444.5640202447814
0.7800000000000004,-0.041652065331722186,0.015219366053536146,10.474805911240807,0.02231945587795714,0.056204161544052056,0.0,-0.1893029417164087,0.0710228180063512,1.2210609948392321,0.023505692087557005,0.11123348690523419,0.0,417.84705903307065,418.3053567150876,419.0646465709967,417.70440855637435
0.8400000000000004,-0.054339163144046125,0.02000213303659313,10.553506330195056,0.023465710951211527,0.06279103244434658,0.0,-0.23434565277742653,0.08854465056406596,1.4020288310072533,0.008400735771270294,0.10670861674373963,0.0,463.0725371843876,462.7266098129633,465.3524266825572,464.16860855215936
0.9000000000000005,-0.0698569034776716,0.025850287191246026,10.642680721729969,0.024347987738532417,0.06973403562382519,0.0,-0.2836526653599031,0.10646735008497538,1.57017680814414,0.025012464994958107,0.12942038367112446,0.0,458.3380517014904,460.15057936161287,461.1370029334781,462.4471344305923
0.9600000000000005,-0.0884318705627315,0.032774974770468965,10.741032964188454,0.025591571308861027,0.07726037949073916,0.0,-0.3363248211332631,0.12449822244216782,1.7079624606737889,0.010367891152210696,0.11598026780244326,0.0,452.0541832228736,450.98391362678075,452.76103835275467,451.58135700907206
1.0200000000000005,-0.11035294756079432,0.04081285001952809,10.847947183818633,0.02637483125018303,0.08438278681020694,0.0,-0.39513011965268774,0.1434998456648303,1.8555412941200828,0.017948259241234256,0.12366302395037143,0.0,455.3049350149056,455.93138722605397,454.9428518719998,455.5492356894601
1.0800000000000005,-0.13575972241790926,0.04994671877059595,10.961348347560406,0.02719367049170618,0.09135535582699816,0.0,-0.45246320103222304,0.16105092714306546,1.9243063740507287,0.003243870404833425,0.09397671985123685,0.0,432.08877224279445,429.5910427413155,432.31742632343867,431.0766426651527
1.1400000000000006,-0.16520196997479553,0.060283072416258326,11.083866221616756,0.02780847915365392,0.09696113242474524,0.0,-0.5295954804466791,0.1835326212469477,2.159122656170381,0.021481205754468723,0.0923131434907227,0.0,482.7425876840297,482.6236759398092,481.5863583707634,482.96365048746947
1.2000000000000006,-0.1990831181848633,0.07189373286357334,11.217121333948176,0.02901627310765509,0.10248641273945669,0.0,-0.600340045256405,0.20361152653395534,2.2823929146718256,0.017280475576624356,0.09163421729513295,0.0,450.9179817033546,450.87014482508755,449.3863950861383,449.04574316382616
1.2600000000000007,-0.23710296983691176,0.08467016223523204,11.355592526350444,0.030048965915693948,0.10803980231516874,0.0,-0.6675062671184978,0.22236135282336983,2.333131241222621,0.017073340478194865,0.0943387636265225,0.0,426.73004530952755,426.96845202116236,428.3761321606097,428.35845324163665
1.3200000000000007,-0.2801490201250133,0.09883534640994276,11.505183316499231,0.030780214353400837,0.11448010215647386,0.0,-0.7681150341221986,0.249906992232953,2.652407101012832,-1.8772889421243485e-05,0.12532108877230377,0.0,507.1754760139703,509.4038602853863,509.20299796092746,507.97874378070105
1.3800000000000008,-0.32897074497188555,0.11454914160975777,11.670075258731698,0.030477241776943664,0.1223028180033845,0.0,-0.8601141118197213,0.2738517800264697,2.8433874477582033,-0.017723851092760746,0.13893866189256743,0.0,474.0008389589669,475.06045027965143,473.02093471220866,471.65561684845045
1.4400000000000008,-0.38329191684937514,0.13163631739525644,11.844728696639757,0.029427504382888436,0.13061715736662993,0.0,-0.9514450434463553,0.2955908232250026,2.9778955592174063,-0.017043057698278002,0.13783025015018543,0.0,457.0081495049244,456.9370245966936,458.3063877503737,458.3605786218052
1.5000000000000009,-0.4428229675200274,0.14990544124941524,12.024023740424136,0.0291338980453002,0.13939444764794562,0.0,-1.0336947362632058,0.31331945281917656,2.9984034544482014,0.012253716846237977,0.15933350084681175,0.0,421.1769168324122,423.053520332915,421.1662027608146,423.6926161746514
1.560000000000001,-0.5074813987255111,0.16924272376539026,12.204707450390455,0.03027138742262636,0.14889454578307948,0.0,-1.1224497846407089,0.3313355422831833,3.0241355784511805,0.029800460983081246,0.15626199499587418,0.0,425.2300546666694,424.9918767158546,423.14040558980525,424.6482816932331
1.620000000000001,-0.5776542085321495,0.18968614578594095,12.386978794358829,0.03180650453513678,0.15904906825289622,0.0,-1.2175371628987426,0.3502552480230676,3.0512955263434574,0.01543695457277897,0.1871980144649115,0.0,423.907384101137,426.5854322726304,426.48379844138896,425.255326944433
1.680000000000001,-0.6541529943305826,0.21137245792922796,12.573458209550829,0.03271131031396557,0.17038077800661888,0.0,-1.3335477914908558,0.37269639859765213,3.164092816484659,0.014356684020274579,0.1919927921428857,0.0,453.37461311190583,453.7935553782196,453.9877336408932,453.90093691594626
1.740000000000001,-0.7379057757162409,0.23443196824501994,12.766951879343354,0.03371198631084482,0.18184362294933276,0.0,-1.4593617062896322,0.3960285809924645,3.285032076706723,0.020957147726970618,0.18908953779559148,0.0,458.0083525123204,457.8117477604399,456.976748246314,457.5025089435002
1.8000000000000012,-0.8288008772923334,0.2587928517502406,12.964139828125884,0.03459819577594292,0.19356740780732462,0.0,-1.5714913369185455,0.41608648637315154,3.2875967060247957,-0.001992384197029369,0.20569427937242032,0.0,419.11897904279704,420.5991063191573,422.62362157423894,420.6407334787096
1.8600000000000012,-0.926687746731621,0.28437494068981833,13.161683013369169,0.03412814128796704,0.20553692591132666,0.0,-1.6924844027626336,0.4366120039062446,3.2968166103258274,-0.02330237563266447,0.18271118176494888,0.0,424.6921732693173,422.7567492731465,424.6226859678168,422.79060558208755
1.9200000000000013,-1.0329769207091433,0.31132291582514704,13.364134161543136,0.03277508838320653,0.2161553661906508,0.0,-1.8515829698039117,0.46146998605419814,3.450689284675314,-0.02108887839463948,0.1619165817160519,0.0,472.38071406140136,470.8022723698207,469.66847294991607,469.84012302787187
1.9800000000000013,-1.1487412922025975,0.3396858789919713,13.574370097629103,0.032231998301957,0.22597603044040948,0.0,-2.0081656291878778,0.4838497960714817,3.556457300728634,0.007980981180577345,0.16698164948237657,0.0,457.340325058173,457.76826299858243,456.5725265872065,458.8861396257539
2.0400000000000014,-1.2745192405172066,0.36944079128906404,13.79264505295085,0.0331731520416616,0.23646495982634974,0.0,-2.185451957309822,0.5080282869380495,3.718371645161229,0.027816546349378052,0.18709310999880172,0.0,476.4290479608278,477.9910654986599,474.90173775655757,476.4207650081433
2.1000000000000014,-1.4095858909240906,0.40044951559111386,14.014004096729794,0.034904340285907054,0.2480553095485991,0.0,-2.3177227736582595,0.5257205822006564,3.6600560346922926,0.030849328518503714,0.2031620457580949,0.0,405.93217700793855,407.41156760126756,407.0559824172661,407.32764032824844
2.1600000000000015,-1.5536190269662395,0.43266080173755,14.235069438953923,0.03710101063004778,0.26081719512262147,0.0,-2.4845171768127354,0.548154671308258,3.7080818842460146,0.046175181894686605,0.2270045122477414,0.0,442.8685983500961,444.8694626218035,442.66557666658724,443.92564965972616
2.2200000000000015,-1.70720780832281,0.4661608819803636,14.456311566426141,0.03951631292804603,0.2741678998148984,0.0,-2.6362388514615227,0.5687108806631495,3.6662534334864545,0.0245052891340756,0.2115571846234812,0.0,415.37639472830483,414.0720968779209,416.0716433488122,414.1708163834572
2.2800000000000016,-1.8703827992223794,0.5009626387781868,14.675875244160345,0.04075606185477554,0.28649075009022784,0.0,-2.8040077454072927,0.5914400985208937,3.6520074841450865,0.011586947958868277,0.18870119294984855,0.0,425.8561049837061,423.9393966978822,426.48037709853844,425.3754497524181
2.3400000000000016,-2.04347586467778,0.537092716693922,14.893271151310703,0.04134231475048811,0.2974948564724471,0.0,-2.9667093663637583,0.6129288803448418,3.594186732559838,0.005865998472392223,0.16986584592428286,0.0,411.48271266439264,409.8470228408202,412.43557376419926,411.9298107194083
2.4000000000000017,-2.2275262298290297,0.5746524047601846,15.110396256562018,0.04190061407903567,0.30774588140464854,0.0,-3.169217717549443,0.6390671495721036,3.642519963892258,0.01542206358749443,0.17274760160940147,0.0,447.9165754623597,448.1786235407181,448.3091684165144,449.0849215105459
2.4600000000000017,-2.4243677941742448,0.6138450335577273,15.331678272706618,0.04287451639441908,0.3180452296428893,0.0,-3.3930966998112964,0.6674014112453326,3.732506725300596,0.01780364451000993,0.16938097949985928,0.0,464.60843516998904,464.3712689319559,462.5717911484643,462.75921463877216
2.520000000000002,-2.6341138955455246,0.6546552281697244,15.55599358179957,0.04380227131777836,0.32826972055831316,0.0,-3.5993330919433917,0.6929915362905624,3.7439347550141786,0.010313112062474993,0.17238454903860376,0.0,440.6418962857574,440.91824741069286,440.00848674632834,439.38776460710534
2.580000000000002,-2.8584045460209593,0.6972634891899447,15.786641069316698,0.04455180510851431,0.33856523987716525,0.0,-3.8779329671810707,0.7272850445533967,3.9426303366583517,0.01652850273384186,0.16996020022676406,0.0,500.3206070487608,500.16871078704145,501.1436263155449,501.59510672213185
2.640000000000002,-3.0970158589337133,0.7416069551326224,16.021600027583396,0.04550144512365151,0.3487479398008597,0.0,-4.076660646890365,0.7508790242671123,3.888809143054345,0.014386846061946885,0.16921062542897536,0.0,423.1156793204468,423.0803277245927,423.39980902596295,423.21540209572
2.700000000000002,-3.349434722382885,0.7875876608319212,16.25787592453151,0.04634717077412809,0.35963916462211376,0.0,-4.338200612179593,0.7818306585331672,3.9856985602205808,0.01350614346594691,0.19880956113957918,0.0,473.09592094580256,475.39852116279684,474.9280931364462,474.86040406172367
2.760000000000002,-3.6173998115408845,0.8353879207975875,16.498791850927706,0.047853073156457704,0.371532847466959,0.0,-4.594966790779735,0.8115626346096831,4.0435307465025865,0.04167052963303007,0.19704092545445448,0.0,464.74132021680043,464.6392135943259,464.4900987905152,466.6940082061962
2.820000000000002,-3.900391217047505,0.884921300599567,16.74143493484475,0.05006786857258039,0.38323733559247497,0.0,-4.839054504226677,0.8397016466200409,4.0435064550320865,0.025118025817200962,0.19082766913418542,0.0,449.2552532913192,448.78780378641574,449.63440140579723,448.29177405109937
2.880000000000002,-4.1963547686980895,0.9359353814698733,16.97926081464511,0.051297868422784276,0.39431340512940594,0.0,-5.027381406226297,0.8608394260772205,3.8838101913500256,0.009136497795776712,0.16772370671179201,0.0,394.5592475269938,392.45732865515606,395.5792470220337,394.1045580442271
2.940000000000002,-4.506311304052832,0.9885346793034905,17.213428435008552,0.05159762191584605,0.40421170743358115,0.0,-5.305312909612139,0.8924371785127754,3.9204810065453315,-0.004936182581714365,0.15881439698581928,0.0,465.09419417290354,464.42038919649,464.4349400502258,463.32962020583614
3.000000000000002,-4.831386538859822,1.0428116077602,17.445543343624696,0.0509362265113813,0.4134483638224973,0.0,-5.531391538001076,0.9167258006700905,3.8161436450178305,-0.0274036317154958,0.1418084956730169,0.0,419.46805667276544,418.01210383378356,419.2181487342738,417.26098860595374
3.0600000000000023,-5.172022147040081,1.0987351504440839,17.675423625318135,0.049719388214561455,0.4225449874650673,0.0,-5.823840764245334,0.9471869831237919,3.845214722926199,-0.008891596246213372,0.16622565940288112,0.0,464.96180286095796,466.891155096582,465.4581883987389,466.90494649223785
3.1200000000000023,-5.5309875061938625,1.156520722010554,17.908169513609508,0.04908433765438769,0.43206734622878873,0.0,-6.142403199195074,0.9788490851369291,3.911293745019187,-0.014204579175960916,0.1361594067735279,0.0,482.1989656973471,479.9430625261545,481.3836066466941,480.98146164856223
3.1800000000000024,-5.908596100463426,1.2161102597290445,18.143233492040327,0.04867138472070032,0.44003755136415545,0.0,-6.44519209827958,1.00733937644436,3.9228215044613326,0.00476358315791218,0.12519812781784445,0.0,467.48024250987766,466.6404050196673,466.06691021201476,467.5474582102275
3.2400000000000024,-6.304634568396384,1.2774038757101966,18.37900119870063,0.04852017839559153,0.44817150533270134,0.0,-6.7567042954371725,1.035714605022412,3.9346727098238716,-0.023967069107595648,0.15081443161838706,0.0,469.40506853234706,471.40457832008786,470.861779530159,468.6334248175718
3.3000000000000025,-6.719311841127886,1.340356691496994,18.614802238046515,0.04706097195360304,0.45773559083618753,0.0,-7.066605519289723,1.062506847498295,3.9239038518845555,-0.025035613031341136,0.1726009050153116,0.0,465.4434454486118,467.168181540874,465.4753463806289,465.3916495503595
3.3600000000000025,-7.151815567209572,1.4047878235096891,18.84779446095836,0.04547554478000304,0.4679483777990203,0.0,-7.351063417951466,1.085017018685092,3.8413637809321397,-0.02935521308598699,0.16495801307108465,0.0,443.7954486614649,443.19532671284094,445.9287579146009,445.57552524908357
3.4200000000000026,-7.601697781204965,1.470543775789179,19.07586750854389,0.04356731236567857,0.4776420592739292,0.0,-7.645856452190431,1.1066442631505835,3.7598661955394244,-0.03721499196908948,0.1537269788488521,0.0,448.6649622750985,447.77647093695197,447.54949835184436,446.9087863971678
3.4800000000000026,-8.070772311095762,1.5376647821688898,19.3013736752547,0.04096301303883898,0.4868063295365719,0.0,-7.990630427590603,1.1304279706540086,3.755226785674361,-0.06017237241612815,0.15068500642281554,0.0,477.01820581755277,476.8060526108551,477.743033654923,475.9879044849275
3.5400000000000027,-8.558872577903186,1.6060093682640402,19.522863961062452,0.03769729267938615,0.4955231034461409,0.0,-8.280263889128618,1.147437535819267,3.6267778098232486,-0.04489126995880926,0.13137758025512442,0.0,438.89319871826604,437.3071740662056,437.09927294580774,438.36917432469295
3.6000000000000028,-9.065941413188082,1.6754180386315232,19.739047962207753,0.035006276650470625,0.5042123152824001,0.0,-8.622718752564541,1.165897217247262,3.5777331565228185,-0.044768412388929986,0.16322724254891852,0.0,466.67510249234647,469.17292070317353,468.83573069197206,468.84423951124734
3.660000000000003,-9.593007681586048,1.7458329552331602,19.950693186718713,0.03197226887957516,0.513441551691308,0.0,-8.947005573077933,1.1810012563575094,3.47565351002943,-0.06586852116639483,0.11799372116564967,0.0,455.3670326993071,451.7534208439542,455.03095664523056,453.3364875783851
3.720000000000003,-10.140776832140022,1.8171544524607308,20.157838729172646,0.027909596767328182,0.5209404443932613,0.0,-9.312582374056936,1.195993583052407,3.4274288882722814,-0.07167562357744621,0.1361867457710231,0.0,475.5873278453057,476.9919774264527,475.64561192850977,475.19742566555055
3.780000000000003,-10.709079441472758,1.8892240692384636,20.35906728209152,0.024106533625984028,0.5290663208729018,0.0,-9.631745888688869,1.2060202686800414,3.2789718089889193,-0.05053359387996463,0.13387761363977166,0.0,445.60723769179765,445.435260643673,443.2099861403805,444.94167340770474
3.840000000000003,-11.297343268702544,1.9618647720080695,20.55220516615444,0.021384532301511605,0.5375170055430019,0.0,-9.97788048786145,1.2150927819948782,3.1574057523890295,-0.03664355956742699,0.1520216703503008,0.0,456.73415964119073,458.1969675410548,457.15348511983143,458.25808807394196
3.900000000000003,-11.906359191230202,2.0349986131817364,20.737411404369084,0.019635661184024933,0.5467064666300807,0.0,-10.323551993232268,1.2225327897492937,3.014537580808449,-0.01728245632444752,0.1553353988425871,0.0,453.6660665215787,453.95372820264845,453.1032119595421,454.6572582309531
3.960000000000003,-12.537828308463494,2.1085992361638826,20.916218857758988,0.019105045586061742,0.5558267663918404,0.0,-10.726090172739317,1.2307136023889402,2.9433898133071197,0.004191503642201542,0.1443472049743051,0.0,483.2908716666648,482.4813911783731,482.38226414298583,484.0017186985798
4.020000000000002,-13.189804912262836,2.1825596276482884,21.08422464184497,0.019558923587041477,0.5645065531442315,0.0,-11.007781182477148,1.2346311989134202,2.6560904393367446,0.013576978135520897,0.14528681725562878,0.0,407.87945923290766,407.9850010238782,408.1503846192872,408.9873958274453
4.080000000000001,-13.860785557804038,2.256813096952722,21.237725647240897,0.020207842410778554,0.5734105699627667,0.0,-11.359270936683245,1.2404920716137116,2.4590183887248944,0.0046240291219534916,0.1539890111407126,0.0,445.14658642143246,445.878907808273,446.06195689491807,445.3298577158562
4.14,-14.553146498289253,2.3314198850675343,21.379195096853817,0.020724743074920227,0.5824270054806515,0.0,-11.720478935548162,1.2463847126300724,2.254907946227715,0.015594240190370432,0.14156846010648086,0.0,448.2895044070445,447.29970631251956,446.0246993389156,446.9199428922191
4.199999999999998,-15.267752560155957,2.406390710720418,21.508609033348137,0.02179429446618375,0.59055460399642,0.0,-12.10074412026269,1.2526576337159094,2.057014518536983,0.02195198132415753,0.1190241752979913,0.0,454.78788229462236,452.9941554229623,453.5451868341414,454.05562943436655
4.259999999999997,-16.00513373203349,2.481734174611221,21.62540017779093,0.023469614197048294,0.5973173618466179,0.0,-12.479749861079384,1.2588311637319816,1.8343023289157552,0.03777425574617033,0.09548693710837257,0.0,450.41953906147813,448.5221372398642,448.28244060704964,449.5669493867743
4.319999999999996,-16.76532449223804,2.557453483309205,21.728244604592206,0.025621109017645693,0.6034819501249302,0.0,-12.861166562255104,1.2652156642044987,1.5922040730613416,0.03172187482044249,0.11429688587044443,0.0,445.10054234262407,446.6468007941312,446.7462410836352,446.2528447375972
4.379999999999995,-17.546833368832417,2.633499484612686,21.813586994720012,0.02753591903722441,0.6105723995417556,0.0,-13.190772911127139,1.2696870668498617,1.251439600500816,0.0322939494109884,0.12497216940318387,0.0,411.35741566476315,412.3157195801663,410.8949836051754,410.9461760571106
4.439999999999993,-18.350847365599044,2.7099155034880367,21.881655203687572,0.02950315428878536,0.618734935134202,0.0,-13.610889964495849,1.2775456487668642,1.0152331501190084,0.03375586170326975,0.15205172388993207,0.0,455.84992508656865,458.0255416484153,455.4006566969716,455.5180010683928
4.499999999999992,-19.179551665780316,2.7867767570557387,21.934009249016366,0.03128042002996523,0.6279206916465592,0.0,-14.01396007578342,1.2845086904711054,0.7277070747443709,0.01970878627901759,0.1551041441662819,0.0,442.62287488672774,442.89629957001824,443.03924878590254,441.8825981057696
4.559999999999991,-20.034076126753078,2.864113952756291,21.97051502377982,0.03331001011508761,0.6368224019685194,0.0,-14.471354634679264,1.2933864699070652,0.48629534665748375,0.05288552808083798,0.1293862195709528,0.0,466.91983484472024,464.927484605742,465.22849274992296,467.82028025624794
4.6199999999999894,-20.91544489485349,2.9419487629696195,21.99082587984819,0.036437881765728264,0.6443501785949852,0.0,-14.90906675125635,1.3011496157669238,0.18826386596588637,0.05057875191420419,0.11616975999221996,0.0,451.0386405519273,449.98355321156316,453.239712356057,453.0559042050652
4.679999999999988,-21.824180028932243,3.020295403133271,21.993810787820504,0.039414903375734944,0.6518865209335365,0.0,-15.383499946922203,1.3104252219745656,-0.09163664631296754,0.04762137444780829,0.139806060935162,0.0,465.0823552162169,466.94387108808496,464.79330945658427,464.5628020068065
4.739999999999987,-22.763368133556444,3.0992894692710613,21.981621712845197,0.04321810274841287,0.659959602251428,0.0,-15.923829605966615,1.3227293170949828,-0.3184646059590786,0.08392427003682855,0.12115740640800968,0.0,492.1474939818437,490.7793498468208,492.48937642048674,495.17041218788654
4.799999999999986,-23.732796911629674,3.178894465924342,21.95196921135064,0.04807040811856744,0.6671564384277193,0.0,-16.392231306664286,1.3308012210087967,-0.6727955718635115,0.07394019783379516,0.11741256349249538,0.0,453.9461144662795,453.65801286425096,454.6520155196318,453.8561311357201
4.859999999999984,-24.731116828383463,3.259011852986616,21.90100091839613,0.05234955219220527,0.6745494269424324,0.0,-16.88689570185206,1.3397550029080656,-1.0293224334084712,0.06548393810138842,0.13283257547549468,0.0,460.04005860280387,461.2729596639315,461.54113744952224,460.8766486958636
4.919999999999983,-25.759537868911853,3.339660938367097,21.828043330570726,0.056470128341826076,0.6822530726331255,0.0,-17.39567474039954,1.3484703134774838,-1.4060523265062956,0.07439600289902555,0.11759214528850406,0.0,461.67764360079906,460.487352487096,462.13727605421496,462.84285109756894
4.979999999999982,-26.81767358595951,3.420730964446921,21.7302983564546,0.060548836144219464,0.6897692572175691,0.0,-17.877877595523135,1.3537514017627859,-1.8552219778539047,0.05032155937734903,0.13735636834017798,0.0,441.2729940498815,442.91636433814756,442.978860318698,440.9971607774515
5.0399999999999805,-27.908199326474584,3.5023091248085647,21.608536219235717,0.06343463237248947,0.6987688727652195,0.0,-18.474631148716234,1.3653106572265785,-2.2082309154901916,0.043229042908982,0.16761409802900848,0.0,487.19219802277416,489.4684993672265,489.7969351062892,489.2701214821005
